charlson_codelist <- list(
  "acute_mi"                   = list("I21|I22|I23|I252|I258", 5),
  "cerebral_vascular_accident" = list("G450|G451|G452|G454|G458|G459|G46|I6", 11),
  "heart_failure"              = list("I50", 13),
  "connective_tissue_disorder" = list("M05|M060|M063|M069|M32|M332|M34|M353", 4),
  "dementia"                   = list("F00|F01|F02|F03|F051", 14),
  "diabetes"                   = list("E101|E105|E106|E108|E109|E111|E115|E116|E118|E119|E131|E135|E136|E138|E139|E141|E145|E146|E148|E149", 3),
  
  "liver_disease"              = list("K702|K703|K717|K73|K74", 8),
  "peptic_ulcer"               = list("K25|K26|K27|K28", 9),
  "peripheral_vascular_disease"= list("I71|I739|I790|R02|Z958|Z959" , 6),
  "pulmonary_disease"          = list("J40|J41|J42|J43|J44|J45|J46|J47|J60|J61|J62|J63|J64|J65|J66|J67", 4),
  "cancer"                     = list("C0|C1|C2|C3|C4|C5|C6|C70|C71|C72|C73|C74|C75|C76|C81|C82|C83|C84|C85|C86|C87|C88|C89|C90|C91|C92|C93|C94|C95|C96|C97", 8),
  
  "diab_complications"         = list("E102|E103|E104|E107|E112|E113|E114|E117|E132|E133|E134|E137|E142|E143|E144|E147", -1),
  "paraplegia"                 = list("G041|G81|G820|G821|G822", 1),
  "renal_disease"              = list("I12|I13|N01|N03|N052|N053|N054|N055|N056|N072|N073|N074|N18|N19|N25", 10),
  "metastatic_cancer"          = list("C77|C78|C79|C80", 14),
  "severe_liver_disease"       = list("K721|K729|K766|K767", 18),
  "hiv"                        = list("B20|B21|B22|B23|B24|O987", 2)
)